%YAML:1.0

# 来源：Kalibr camchain-imucam（与桌面 camera_imu_imucam_kalibr-camchain-imucam.yaml 一致）。
# 外参使用 Kalibr 字段名 T_cam_imu；加载器请求 T_imu_cam 时会自动 Inv_se3，与 Kalibr 约定一致。
cam0:
  T_cam_imu:
    - [0.0009407677204485987, -0.9999756285150302, 0.006917899396993408, -0.003466235675451771]
    - [0.9999580119952488, 0.001003765102259524, 0.009108605937775497, -0.03227179094783738]
    - [-0.00911532789351843, 0.0069090398457561115, 0.9999345858433959, -0.006147503227306558]
    - [0.0, 0.0, 0.0, 1.0]
  cam_overlaps: []
  camera_model: pinhole
  distortion_coeffs: [0.02989204692094943, -0.015059899001003936, 0.0005210249654394045, -0.0010109418133574795]
  distortion_model: radtan
  intrinsics: [304.5269116951179, 304.6664249574968, 323.13794796599586, 250.01030565379907]
  resolution: [640, 480]
  rostopic: /cam0/image_raw
  timeshift_cam_imu: 0.005760285708118525
