%YAML:1.0

# Source: vio_calib_param.ini (IMU noise + accelScale/gyroScale)
imu0:
  T_i_b:
    - [1.0, 0.0, 0.0, 0.0]
    - [0.0, 1.0, 0.0, 0.0]
    - [0.0, 0.0, 1.0, 0.0]
    - [0.0, 0.0, 0.0, 1.0]
  # IMU noise: accel_noise_sigma, accel_bias_sigma, gyro_noise_sigma, gyro_bias_sigma
  accelerometer_noise_density: 0.006   # [ m / s^2 / sqrt(Hz) ] - accel_noise_sigma
  accelerometer_random_walk: 0.0015     # [ m / s^3 / sqrt(Hz) ] - accel_bias_sigma
  gyroscope_noise_density: 0.0005       # [ rad / s / sqrt(Hz) ] - gyro_noise_sigma
  gyroscope_random_walk: 0.00006        # [ rad / s^2 / sqrt(Hz) ] - gyro_bias_sigma
  rostopic: /imu0
  # Time offset: timeshift cam to imu (delayCam2IMU from ini)
  time_offset: 0.00189024
  update_rate: 500.0
  # three different modes supported:
  # "calibrated" (same as "kalibr"), "kalibr", "rpng"
  model: "calibrated"
  # how to get from Kalibr imu.yaml result file:
  #   - Tw is imu0:gyroscopes:M:
  #   - R_IMUtoGYRO: is imu0:gyroscopes:C_gyro_i:
  #   - Ta is imu0:accelerometers:M:
  #   - R_IMUtoACC not used by Kalibr
  #   - Tg is imu0:gyroscopes:A:
  Tw:
    - [1.00228955091443, 0.006322348308564919, 0.01423450417542498]
    - [0.0, 1.00845352473373, 0.0017123065805764194]
    - [0.0, 0.0, 1.008096001836]
  R_IMUtoGYRO:
    - [1.0, 0.0, 0.0]
    - [0.0, 1.0, 0.0]
    - [0.0, 0.0, 1.0]
  # Ta: accel scale (accelScale from ini)
  Ta:
    - [0.9997541694966577, 0.002779228313467755, 0.010948546000374494]
    - [-0.002876482972687341, 1.0055604738456703, 0.002309474500370883]
    - [-0.009920739407786745, -0.0011931722762067501, 1.0052357925294444]
  R_IMUtoACC:
    - [1.0, 0.0, 0.0]
    - [0.0, 1.0, 0.0]
    - [0.0, 0.0, 1.0]
  Tg:
    - [0.0, 0.0, 0.0]
    - [0.0, 0.0, 0.0]
    - [0.0, 0.0, 0.0]
