%YAML:1.0

# Source: imucamera-report-imucam(1).pdf — cam0 pinhole + radtan, T_ic (cam0 to imu0)
cam0:
  # T_imu_cam: camera → IMU（与 Kalibr 报告中的 T_ic 一致）
  T_imu_cam:
    - [0.00242928, 0.99996311, -0.00823899, 0.02576154]
    - [-0.99998117, 0.00247559, 0.00561539, 0.00104526]
    - [0.00563558, 0.00822519, 0.99995029, -0.01744056]
    - [0.0, 0.0, 0.0, 1.0]
  cam_overlaps: [0]
  camera_model: pinhole
  distortion_coeffs: [0.032786057021661395, -0.017834482749019928, 0.0008203482266216394, -0.0009940151400078087]
  distortion_model: radtan
  intrinsics: [309.9192125309255, 310.0011784556613, 323.15889745531484, 250.50858240531576]
  resolution: [640, 480]
  rostopic: /cam0/image_raw
  # timeshift cam0 to imu0: t_imu = t_cam + shift [s]
  timeshift_cam_imu: 0.002116458780350451
